# id	left	top	right	bottom	texture_id
[SPRITES]
60001	300	117	315	132	20
60002	318	117	333	132	20
60003	336	117	351	132	20
60004	354	117	369	132	20
60005	372	117	387	132	20

#COIN
61001	303	99	312	114	20
#MUSHROOM
61002	300	189	315	204	20
#LEAF
61003	300	208	315	221	20
#Power
62001	0	298	15	313	50
62002	17	298	32	313	50
62003	34	298	49	313	50
62004	51	308	66	313	50

# ani_id	sprite1_id	time1	sprite2_id	time2	...
[ANIMATIONS]
61000	60001	300	60002	300	60003	300	60004	300
62000	61001 	1000
63000	61002 	1000
64000	61003 	1000
69000	60005	1000
68000	62001	300	62002	300	62003	300