# id	left	top	right	bottom	texture_id
[SPRITES]
#PLANT
#LEFT & Downward
81001	295	178	310	201	10
81002	313	178	328	201	10

#LEFT & Upward
81011	331	178	346	201	10
81012	349	178	364	201	10

#RIGHT & Downward
81021	295	204	310	227	10
81022	313	204	328	227	10

#RIGHT & Upward
81031	331	204	346	227	10
81032	349	204	364	227	10

#PLANT2
83001	151	62	166	85	10
83002	197	62	212	85	10

#BULLET
82001	569	121	577	129	20
82002	581	121	589	129	20

# ani_id	sprite1_id	time1	sprite2_id	time2	...
[ANIMATIONS]
8100	81001	300	81002	300
8101	81011	300	81012	300
8102	81021	300	81022	300
8103	81031	300	81032	300
8200	82001	300	82002	300
8300	83001	300	83002	300