# list of object assets to load in this scene
[ASSETS]
mario.txt
brick.txt
coin.txt
goomba.txt
platform.txt
background.txt
myth.txt
koopas.txt
plant.txt
hud.txt
#
[OBJECTS]
# type	x	y	extra_settings per object type
# type: 0 = Mario , 1 = Brick, 2 = Goomba, 3 = Koopas
# See OBJECT_TYPE constants in AssetIDs.h

# BACKGROUND
#100	1400	88	100000

#BigBushes
100	72	160	100001
100	872	142	100003
100	967	150	100002
100	1896	168	100002
100	2392	127	100004	

#SmallBushes
100	160	183	100005
100	176	183	100005
100	192	183	100005

100	672	166	100005
100	688	166	100005
100	704	166	100005
100	720	166	100005
100	736	166	100005
100	752	166	100005

100	1024	166	100005
100	1040	166	100005

100	1169	183	100005
100	1185	183	100005
100	1201	183	100005

100	1712	183	100005
100	1728	183	100005
100	1744	183	100005

#Clouds
100	137	60	100006
100	336	43	100007
100	666	60	100006
100	751	92	100008
100	1168	60	100007
100	1665	60	100008
100	2320	75	100007

#Sky decorations
100	256	-184	100009
100	256	-152	100009
100	111	-184	100010
100	305	-138	100010
100	335	-184	100010
100	368	-152	100010
100	224	-152	100011
100	288	-138	100011

# MARIO
0	50	184

#ID	left 	top 	length	height
#GroundPlatform
5	0	200	16	15	39	50011	50012	50013
5	632	190	32	31	14	50021	50022	50023
5	1136	200	16	15	22	50011	50012	50013
5	1520	200	16	15	5	50011	50012	50013
5	1648	200	16	15	36	50011	50012	50013
5	2240	200	16	15	35	50011	50012	50013

#Portal 
50	2685	105	2712	124	1
