# id	left	top	right	bottom	texture_id
[SPRITES]

#GROUND PLATFORM
190001	258	184	513	223	70

#CURTAIN
190002	0	0	255	181	70

#CLOUDS
190003	532	40	563	55	70
190004	516	88	531	95	70

#BUSHES
190005	516	120	579	183	70
190006	709	88	772	183	70

# SELECT
190009	588	144	699	183	70

#colorbackground
190020	0	0	-1	-1	100
190021	0	0	255	189	100

#SUPER MARIO TITLE
190010	298	24	475	95	70

190011	194	363	235	402	70
190012	240	363	281	402	70
190013	287	363	328	402	70
190014	333	363	374	402	70

# ani_id	sprite1_id	time1	sprite2_id	time2	...
[ANIMATIONS]
19012	190009	100
19011	190010	100
19010	190011	100	190012	100	190013	100	190014	100
19013	190020	4500	190021	999999