# id	left	top	right	bottom	texture_id
[SPRITES]

#BACKGROUND
120000	4	40	237	201	90

#DANCING CACTUS
120011	4	310	19	325	80
120012	21	310	36	325	80
120013	38	310	53	325	80
120014	55	310	70	325	80

#HELP
120021	123	177	138	192	80
120022	106	177	121	192	80

#ENEMY
120031	38	177	53	192	80
120032	55	177	70	192	80
120041	72	177	87	192	80
120042	89	177	104	192	80

#MARIO
120091	252	116	265	131	90
120092	272	116	285	131	90

# ani_id	sprite1_id	time1	sprite2_id	time2	...
[ANIMATIONS]
#DANCING CACTUS
12010	120011	300	120012	300	120013	300	120014	300

#HELP
12020	120021	1000	120022	1000

#ENEMY GOING LEFT & RIGHT
12030	120031	100	120032	100
12040	120041	100	120042	100

#MARIO
12090	120091	100	120092	100